Java=[
4.266666666666667E-7,
2.2755555555555557E-7,
1.885714285714286E-7,
1.8488444444444443E-7,
1.9636363636363635E-7,
2.0747409733124018E-7,
3.01665625E-7,
2.6143790849673207E-7,
1.5141E-7,
1.5061747343565525E-7,
1.1352657004830917E-7,
5.937988165680473E-8,
1.856385109599395E-7,
2.5158620689655174E-8,
2.475806451612903E-8,
2.459452658068575E-8,
2.4437301587301586E-8,
2.6544807965860597E-8,
4.929205128205128E-8,
2.4582655826558267E-8,
3.108965981164712E-8,
2.394110480991388E-8,
2.7269429669030732E-8,
2.7470367346938778E-8,
2.541356305835944E-8,
2.0672334808603154E-8,
1.896101576994434E-8,
1.3884848864134176E-8,
4.790960451977401E-9,
4.754576005185855E-9,
4.732127356150793E-9,
4.6834781380235926E-9,
4.718277126478335E-9,
4.660372670807453E-9,
4.691347157016171E-9,
4.6525010756776766E-9,
4.819187442289936E-9,
4.653107576184499E-9,
4.693662974683545E-9,
4.650957322581356E-9,
4.653156845067344E-9,
5.489256513854866E-9,
4.721175311104778E-9,
5.175735885698432E-9,
4.653181412160618E-9,
5.325608337349163E-9,
4.6958972953216375E-9,
4.5918925533604985E-9,
4.635139393939394E-9,
4.593503641021542E-9,
4.638349514563107E-9,
4.79546017054027E-9,
4.625456713203338E-9,
4.65064826749564E-9,
4.614804536679537E-9,
4.75113104917238E-9,
4.625533784831722E-9,
5.061501140501428E-9,
5.108480392156862E-9,
4.60552015476156E-9,
4.5968228386758365E-9,
4.577543965734442E-9,
4.626585952878937E-9,
4.606599697261594E-9,
4.64098479591193E-9,
4.573507169572405E-9,
4.594628668460849E-9,
5.160652932816359E-9,
4.928013507561297E-9,
4.942377469290822E-9,
4.8994080764914095E-9,
4.950075384525789E-9,
4.9011232688838865E-9,
4.974136316181953E-9,
4.9641219203463516E-9,
4.928371348539416E-9,
4.892521897732816E-9,
4.895493842343165E-9,
4.870111045597484E-9,
4.942421858507026E-9,
4.9047483056754855E-9,
4.930252444608665E-9,
4.875403953996768E-9,
4.890828607112876E-9,
4.991334813507538E-9,
4.884162430113095E-9,
4.9182851239669425E-9,
4.895105408850249E-9,
4.878887509483412E-9,
4.971440313678187E-9,
5.020489866435278E-9,
5.1213769440616474E-9,
4.885590184055021E-9,
4.910695452080494E-9,
4.857279850203607E-9,
4.893724286690563E-9,
4.87128974038595E-9,
4.87706009487274E-9,
4.90627688442211E-9,
]

Cpp=[
0,
0,
0,
0,
0,
0,
0,
0,
0,
0,
0,
0,
1.88964e-008,
0,
0,
0,
0,
7.48671e-009,
0,
0,
4.80492e-009,
0,
3.69385e-009,
0,
2.90057e-009,
2.58819e-009,
2.31911e-009,
2.08607e-009,
1.88324e-009,
1.70587e-009,
1.5501e-009,
2.82546e-009,
2.58224e-009,
2.36616e-009,
1.08677e-009,
2.00126e-009,
1.84672e-009,
2.56154e-009,
1.58228e-009,
2.20327e-009,
2.04901e-009,
2.5451e-009,
1.78113e-009,
2.21945e-009,
2.07732e-009,
1.94707e-009,
2.28436e-009,
2.14687e-009,
2.0202e-009,
2.28397e-009,
1.79525e-009,
2.37332e-009,
1.923e-009,
1.8197e-009,
2.01094e-009,
2.17902e-009,
2.06793e-009,
2.2098e-009,
2.10084e-009,
1.99893e-009,
2.11501e-009,
2.01562e-009,
2.1146e-009,
2.01826e-009,
1.92767e-009,
2.17742e-009,
1.92234e-009,
2.14639e-009,
2.0555e-009,
1.96966e-009,
2.02344e-009,
1.94123e-009,
2.11187e-009,
1.90902e-009,
2.0638e-009,
2.0945e-009,
2.0148e-009,
2.04116e-009,
2.06368e-009,
1.98803e-009,
2.09852e-009,
2.02343e-009,
2.03674e-009,
2.04746e-009,
1.97673e-009,
2.06195e-009,
2.13991e-009,
1.99712e-009,
1.93117e-009,
2.00152e-009,
2.0014e-009,
1.99992e-009,
2.0577e-009,
1.99329e-009,
2.04516e-009,
1.92738e-009,
2.02907e-009,
1.9681e-009,
2.01005e-009,
]

Numpy=[
4.45332053308e-07 ,
1.28710740278e-07 ,
6.3999815276e-08 ,
4.25243219474e-08 ,
1.40605653091e-08 ,
8.74094797868e-09 ,
8.39997582602e-09 ,
7.57586775225e-09 ,
5.45682644913e-09 ,
4.0298978631e-09 ,
3.14974937812e-09 ,
3.07502072375e-09 ,
2.46711308999e-09 ,
1.98620116137e-09 ,
1.64515655006e-09 ,
1.40253344372e-09 ,
1.29523437074e-09 ,
1.04454292265e-09 ,
1.06256105389e-09 ,
8.21191156459e-10 ,
1.07322389402e-09 ,
1.23939992143e-09 ,
6.28839795051e-10 ,
4.775169925e-10 ,
4.91006824015e-10 ,
4.38956212935e-10 ,
3.88867153016e-10 ,
3.53129135233e-10 ,
2.82033085796e-10 ,
2.17259399606e-10 ,
3.28868101006e-10 ,
1.76760103844e-10 ,
2.08644753259e-10 ,
1.43483763397e-10 ,
1.55103012997e-10 ,
1.26159116873e-10 ,
1.55419681084e-10 ,
1.53555403499e-10 ,
1.14683213632e-10 ,
9.82363628887e-11 ,
1.27639443202e-10 ,
8.85690827056e-11 ,
7.40949701729e-11 ,
6.55179138836e-11 ,
7.81069230726e-11 ,
7.58575872667e-11 ,
5.83331651988e-11 ,
6.25167271727e-11 ,
7.550685298e-11 ,
7.83245621031e-11 ,
6.20438262418e-11 ,
6.96534637123e-11 ,
6.63562311398e-11 ,
6.70617527156e-11 ,
6.15000986992e-11 ,
5.83104899718e-11 ,
5.83982190493e-11 ,
5.38992792178e-11 ,
7.95515918163e-11 ,
4.33544342179e-11 ,
4.41273485574e-11 ,
4.7858768596e-11 ,
4.26918063456e-11 ,
3.92788190575e-11 ,
3.73476937198e-11 ,
3.7625700466e-11 ,
3.68062505212e-11 ,
3.62555431553e-11 ,
3.89956297685e-11 ,
3.33153697654e-11 ,
3.29792712598e-11 ,
3.9383609999e-11 ,
3.10469530882e-11 ,
3.07733640405e-11 ,
3.21768990731e-11 ,
2.99490834735e-11 ,
3.51550386663e-11 ,
3.38341014598e-11 ,
3.01256993691e-11 ,
2.92031600613e-11 ,
3.29338511166e-11 ,
2.81238055784e-11 ,
2.73194319334e-11 ,
3.24709861694e-11 ,
2.54032584301e-11 ,
3.46040851967e-11 ,
2.25737248713e-11 ,
2.91008472595e-11 ,
2.86694808408e-11 ,
2.22888605185e-11 ,
2.11141148104e-11 ,
2.11590794933e-11 ,
2.46923030213e-11 ,
2.44821878009e-11 ,
1.87426743507e-11 ,
2.46880100719e-11 ,
2.41437166938e-11 ,
2.09985219511e-11 ,
]
Python=[[
2.98665808411e-07 ,
1.77066160379e-07 ,
1.431424453e-07 ,
1.24017420401e-07 ,
1.13292602889e-07 ,
1.06599379024e-07 ,
1.01466374455e-07 ,
9.83003704851e-08 ,
9.61344599809e-08 ,
9.41233023404e-08 ,
9.32364464505e-08 ,
9.25005620074e-08 ,
9.2444178188e-08 ,
9.34299224839e-08 ,
9.13344143714e-08 ,
9.11311205825e-08 ,
9.07623488325e-08 ,
9.03409841115e-08 ,
8.99340999671e-08 ,
8.98921143203e-08 ,
8.96772354833e-08 ,
8.94236450036e-08 ,
8.913804115e-08 ,
8.92382082993e-08 ,
8.98393978339e-08 ,
8.89606879677e-08 ,
8.85719155993e-08 ,
8.82742727532e-08 ,
8.80244545874e-08 ,
8.80348192144e-08 ,
8.78281200712e-08 ,
8.76531204489e-08 ,
8.75853491599e-08 ,
8.7528881309e-08 ,
8.78922872974e-08 ,
8.69588537941e-08 ,
8.66293349945e-08 ,
8.71929659251e-08 ,
8.66197505349e-08 ,
8.69072195408e-08 ,
8.63791190396e-08 ,
8.63526161277e-08 ,
8.69006711663e-08 ,
8.65182693461e-08 ,
8.6452730928e-08 ,
8.66028843905e-08 ,
8.72057429997e-08 ,
8.74554044919e-08 ,
8.72429972246e-08 ,
8.74074094478e-08 ,
8.80329514975e-08 ,
8.74671742247e-08 ,
8.94040987586e-08 ,
8.73303179028e-08 ,
8.74483600256e-08 ,
8.67797804172e-08 ,
8.68329402223e-08 ,
8.70641501417e-08 ,
8.70984606409e-08 ,
8.70559880485e-08 ,
8.73842648009e-08 ,
9.11668263789e-08 ,
8.72105633019e-08 ,
8.68442359214e-08 ,
8.75936324486e-08 ,
8.69561559531e-08 ,
8.97163121668e-08 ,
8.79194962157e-08 ,
8.62563600091e-08 ,
8.61085253145e-08 ,
8.69617628454e-08 ,
8.75256213189e-08 ,
8.73708966851e-08 ,
8.57132493426e-08 ,
8.58928384278e-08 ,
8.53441994248e-08 ,
8.5751792228e-08 ,
8.53180755966e-08 ,
8.56538728138e-08 ,
8.52427819517e-08 ,
8.55656488348e-08 ,
8.52843002317e-08 ,
8.55324705456e-08 ,
8.5350000092e-08 ,
8.5908633312e-08 ,
8.64642208277e-08 ,
8.61400588825e-08 ,
8.56315823818e-08 ,
8.85535597115e-08 ,
8.57939446364e-08 ,
9.0324117236e-08 ,
8.56319545719e-08 ,
8.70926965952e-08 ,
8.72556240647e-08 ,
9.02950969892e-08 ,
8.49930826317e-08 ,
8.53290038173e-08 ,
8.4876871067e-08 ,
]
