Cpp=[
3.33333e-09,
6.66667e-10,
3.57143e-10,
3.11111e-10,
1.51515e-10,
1.41287e-10,
8.33333e-11,
7.98838e-11,
7.89474e-11,
7.87092e-11,
6.94444e-11,
6.86391e-11,
5.66893e-11,
7.20307e-11,
4.15827e-11,
5.34759e-11,
5.37919e-11,
5.4653e-11,
5.83333e-11,
5.53067e-11,
5.52566e-11,
5.83911e-11,
3.95242e-11,
4.50612e-11,
4.43787e-11,
4.55522e-11,
4.6846e-11,
4.81882e-11,
4.72693e-11,
4.86174e-11,
3.62723e-11,
4.09691e-11,
4.06704e-11,
4.15262e-11,
4.02104e-11,
4.46281e-11,
4.3675e-11,
4.5937e-11,
3.5443e-11,
3.84104e-11,
3.74969e-11,
3.9958e-11,
3.93037e-11,
3.87294e-11,
3.88978e-11,
3.99149e-11,
3.08845e-11,
3.39635e-11,
3.49495e-11,
3.61247e-11,
3.41817e-11,
3.75324e-11,
3.65691e-11,
3.81227e-11,
3.06812e-11,
3.30394e-11,
3.18203e-11,
3.28769e-11,
3.16293e-11,
3.44926e-11,
3.38824e-11,
3.56362e-11,
2.82588e-11,
3.05674e-11,
2.9949e-11,
3.11706e-11,
2.92676e-11,
3.18279e-11,
3.1317e-11,
3.19086e-11,
2.55358e-11,
2.9442e-11,
2.80755e-11,
2.91365e-11,
2.70129e-11,
2.89923e-11,
2.808e-11,
2.8913e-11,
2.39387e-11,
2.55793e-11,
2.49541e-11,
2.63222e-11,
2.45088e-11,
2.68053e-11,
2.55947e-11,
2.59959e-11,
2.19599e-11,
2.32094e-11,
2.30499e-11,
2.44719e-11,
2.18605e-11,
2.4299e-11,
2.19024e-11,
2.14689e-11,
1.78326e-11,
1.99677e-11,
1.89131e-11,
2.00228e-11,
1.95578e-11,
]
Python=[
6.08333333333e-07 ,
1.02222222222e-07 ,
4.10714285715e-08 ,
2.04444444444e-08 ,
1.38888888889e-08 ,
7.84929356358e-09 ,
5.20833333334e-09 ,
4.42992011621e-09 ,
3.05263157895e-09 ,
2.47933884297e-09 ,
2.17391304348e-09 ,
1.775147929e-09 ,
1.54950869237e-09 ,
1.44061302682e-09 ,
1.26008064516e-09 ,
1.11146062703e-09 ,
1.06701940035e-09 ,
9.50812308154e-10 ,
9.48717948718e-10 ,
8.57253470493e-10 ,
8.16836440516e-10 ,
7.72946859903e-10 ,
7.46158392435e-10 ,
7.37959183674e-10 ,
6.96136442743e-10 ,
6.5998912959e-10 ,
6.42393320964e-10 ,
6.29993533179e-10 ,
6.1770244821e-10 ,
6.10702649222e-10 ,
6.12289186508e-10 ,
6.9647524193e-10 ,
7.04952744926e-10 ,
6.86187518486e-10 ,
6.74882629108e-10 ,
6.65419214105e-10 ,
6.59279778393e-10 ,
7.45408437716e-10 ,
6.59018987342e-10 ,
6.13979039519e-10 ,
6.10605688058e-10 ,
6.02551458658e-10 ,
6.05585636934e-10 ,
5.9925093633e-10 ,
5.9774818754e-10 ,
5.90448653358e-10 ,
5.81140350877e-10 ,
5.74502891836e-10 ,
5.55555555556e-10 ,
5.53480953632e-10 ,
5.4755270868e-10 ,
5.44508298157e-10 ,
5.4036383216e-10 ,
5.36810978846e-10 ,
5.14513237727e-10 ,
5.17790361636e-10 ,
5.112960761e-10 ,
5.10217861554e-10 ,
5.0466853408e-10 ,
4.87294582235e-10 ,
4.88566280044e-10 ,
4.42025699169e-10 ,
4.0023683563e-10 ,
4.02183386083e-10 ,
4.1602702949e-10 ,
3.9980771711e-10 ,
3.90074330386e-10 ,
4.03981866044e-10 ,
4.02437233886e-10 ,
4.0110807689e-10 ,
4.09274367608e-10 ,
3.91611287619e-10 ,
3.80634357468e-10 ,
3.79656972409e-10 ,
3.7916659023e-10 ,
3.6786064288e-10 ,
3.67118406821e-10 ,
3.66081297195e-10 ,
3.48958333333e-10 ,
3.51218994984e-10 ,
3.53098323741e-10 ,
3.40903592464e-10 ,
3.39032818716e-10 ,
3.34718781352e-10 ,
3.29243877677e-10 ,
3.32432946373e-10 ,
3.21207201889e-10 ,
3.18469747514e-10 ,
3.14987240499e-10 ,
3.08300769718e-10 ,
3.07054241945e-10 ,
3.13987244268e-10 ,
3.0217898098e-10 ,
3.04445323836e-10 ,
3.03933064282e-10 ,
3.05076662902e-10 ,
3.04734138553e-10 ,
3.01740680144e-10 ,
]
Numpy=[
6e-07 ,
1.04444444444e-07 ,
3.92857142856e-08 ,
2e-08 ,
1.13636363637e-08 ,
7.84929356356e-09 ,
5.31250000001e-09 ,
3.77632534494e-09 ,
2.94736842106e-09 ,
2.43998425817e-09 ,
2.08333333334e-09 ,
1.8224852071e-09 ,
1.54950869237e-09 ,
1.31800766284e-09 ,
1.20967741936e-09 ,
1.0904896718e-09 ,
1.00529100529e-09 ,
9.20865463802e-10 ,
8.91025641026e-10 ,
8.40661467839e-10 ,
8.07226600038e-10 ,
7.85549254358e-10 ,
7.23995271868e-10 ,
6.98775510206e-10 ,
7.07738716789e-10 ,
6.62577322256e-10 ,
6.44712430427e-10 ,
6.44596032292e-10 ,
5.70621468927e-10 ,
6.24349635796e-10 ,
7.62648809524e-10 ,
6.83760683761e-10 ,
7.08826111656e-10 ,
6.66075125702e-10 ,
6.55320813771e-10 ,
6.38402193382e-10 ,
6.36195752539e-10 ,
7.23208415516e-10 ,
6.19462025317e-10 ,
6.1397903952e-10 ,
6.1470371281e-10 ,
6.10186746413e-10 ,
5.97273677211e-10 ,
6.13122485782e-10 ,
5.97228858098e-10 ,
6.02617834178e-10 ,
5.65149853801e-10 ,
5.60333538002e-10 ,
5.65252525253e-10 ,
5.59571528087e-10 ,
5.4862986155e-10 ,
5.47898760786e-10 ,
5.45171339564e-10 ,
5.18007430434e-10 ,
5.13364129436e-10 ,
5.16156094319e-10 ,
5.18275345086e-10 ,
5.1832045512e-10 ,
4.89962651727e-10 ,
4.93069267348e-10 ,
4.85393771732e-10 ,
4.84555303603e-10 ,
4.7424796998e-10 ,
4.62914545204e-10 ,
4.63868385451e-10 ,
4.5843054953e-10 ,
4.4774445726e-10 ,
4.39550667912e-10 ,
4.38702099545e-10 ,
4.35999274038e-10 ,
4.19391565225e-10 ,
4.26553471247e-10 ,
4.18523874122e-10 ,
4.07576435496e-10 ,
3.78249344169e-10 ,
3.64663771845e-10 ,
3.88220822464e-10 ,
3.80267330178e-10 ,
3.57606132075e-10 ,
3.6608190124e-10 ,
3.60671233527e-10 ,
3.60082168763e-10 ,
3.50234904341e-10 ,
3.48805307017e-10 ,
3.45057704655e-10 ,
3.36480487416e-10 ,
3.34636953955e-10 ,
3.29596574079e-10 ,
3.25815573488e-10 ,
3.21310648552e-10 ,
3.14866177033e-10 ,
3.17799589392e-10 ,
3.08715197672e-10 ,
3.0819739407e-10 ,
3.00694898924e-10 ,
2.96651260479e-10 ,
2.97579000203e-10 ,
2.97700897609e-10 ,
]
Java=[
5.234166666666666E-7,
3.193333333333333E-7,
2.7425892857142854E-7,
2.591777777777778E-7,
2.3460353535353536E-7,
2.2063579277864992E-7,
2.1300729166666667E-7,
2.0629266521423386E-7,
2.0507052631578947E-7,
2.0173120818575362E-7,
1.1794060990338164E-6,
3.957000236686391E-6,
5.731292517006803E-9,
5.774099616858238E-9,
5.742565524193548E-9,
5.5650623885918E-9,
5.643386243386244E-9,
5.3415437598263086E-9,
5.456923076923077E-9,
5.571871024832697E-9,
5.384057274649241E-9,
5.266498634740601E-9,
5.33772901891253E-9,
5.375020408163266E-9,
5.299367676064509E-9,
5.478349768356756E-9,
5.416280148423006E-9,
5.2624486304941904E-9,
5.403917137476459E-9,
5.1844731410245475E-9,
5.309632316468254E-9,
5.172903863812954E-9,
5.275086505190311E-9,
5.16270925761609E-9,
5.260346026777952E-9,
5.227153106457068E-9,
5.196768236380425E-9,
5.180067795452411E-9,
5.225007911392405E-9,
5.1772827755377826E-9,
5.171058383192635E-9,
5.054102376483314E-9,
5.092523985940914E-9,
4.995677625190734E-9,
5.021308086998068E-9,
4.986239090329395E-9,
5.0303545321637426E-9,
4.979703474067936E-9,
5.016767676767676E-9,
4.98034647755433E-9,
4.9521564600448096E-9,
4.83286036379664E-9,
4.864027665602605E-9,
4.835226324967776E-9,
4.86036610590182E-9,
4.877427227438259E-9,
4.861748436126764E-9,
5.0194388585655465E-9,
5.052707749766574E-9,
4.719823383476849E-9,
4.716785952979197E-9,
4.663044595616024E-9,
4.60303695558563E-9,
4.604733727810651E-9,
4.584794860471474E-9,
4.577073112721658E-9,
4.465143214148405E-9,
4.82321078961207E-9,
4.899577154602848E-9,
4.874854561390921E-9,
4.868334790209791E-9,
4.881337638555464E-9,
4.835820376360917E-9,
4.893897688292319E-9,
5.008155464034782E-9,
4.725959805409767E-9,
4.7345835719284856E-9,
4.673644698046716E-9,
4.575438286163522E-9,
4.583751530074664E-9,
4.603005259066507E-9,
4.590314818969196E-9,
4.583810270615232E-9,
4.587630064904486E-9,
4.5643417178243965E-9,
4.56950277103824E-9,
4.588552243211334E-9,
4.5700187658209566E-9,
4.563111249051659E-9,
4.655635846152512E-9,
4.6435820756763455E-9,
4.7112854790274146E-9,
4.8237914656376555E-9,
4.748023274560671E-9,
4.73777564172484E-9,
4.571851336252304E-9,
4.559645019703328E-9,
4.5801428114918345E-9,
4.555622613065327E-9,
]
